-101	1.0,0.0,1.0
-99	0.0,0.0,1.0
-97	0.0,0.0,1.0
-95	0.0,0.0,1.0
-93	0.0,0.0,1.0
-91	0.0,0.0,1.0
-89	0.5,0.5,2.0
-87	0.0,0.0,2.0
-85	0.0,0.0,2.0
-83	0.0,0.0,2.0
-81	0.0,0.0,2.0
-79	0.0,0.0,2.0
-77	0.0,0.0,2.0
-75	0.0,0.0,2.0
-73	0.0,0.0,2.0
-71	0.0,0.0,2.0
-69	0.3333333333333333,0.4714045207910317,3.0
-67	0.0,0.0,3.0
-65	0.0,0.0,3.0
-63	0.25,0.4330127018922193,4.0
-61	0.0,0.0,5.0
-59	0.0,0.0,5.0
-57	0.0,0.0,6.0
-55	0.0,0.0,6.0
-53	0.14285714285714285,0.3499271061118826,7.0
-51	0.0,0.0,9.0
-49	0.0,0.0,11.0
-47	0.0,0.0,11.0
-45	0.08333333333333333,0.2763853991962833,12.0
-43	0.0625,0.24206145913796356,16.0
-41	0.09523809523809523,0.29354352395090366,21.0
-39	0.038461538461538464,0.19230769230769232,26.0
-37	0.06896551724137931,0.2533954906327426,29.0
-35	0.03125,0.17399263633843817,32.0
-33	0.13157894736842105,0.3380324362806613,38.0
-31	0.13333333333333333,0.33993463423951903,45.0
-29	0.17647058823529413,0.3812200410828153,68.0
-27	0.09302325581395349,0.29046502318132084,86.0
-25	0.1322314049586777,0.338742174081309,121.0
-23	0.1320754716981132,0.3385728008476672,159.0
-21	0.18636363636363637,0.3893998348804974,220.0
-19	0.2556390977443609,0.4362198407326402,399.0
-17	0.3292533659730722,0.469942110231116,817.0
-15	0.4309553608677514,0.4952098926789503,2397.0
-13	0.47879981464318816,0.4995503499556744,8632.0
-11	0.5133049959240713,0.49982294573524777,34348.0
-9	0.5176354545763749,0.49968889395491334,147005.0
-7	0.520581553839164,0.49957622005212143,638290.0
-5	0.5162828096131793,0.4997347997799442,2739822.0
-3	0.5120765234926439,0.49985413630411385,1.1576262E7
-1	0.5072282476229524,0.4999477497062081,4.7912166E7
1	0.50690951118414,0.4999522563757426,4.790802E7
3	0.5039117758710715,0.49998469777537646,1.2278183E7
5	0.5033463093974332,0.49998880208802343,3115223.0
7	0.5060757367652899,0.4999630840599723,790686.0
9	0.5156627450596081,0.4997546182049724,204083.0
11	0.5326577797044905,0.498932329504486,55362.0
13	0.5778192546209886,0.4939070394418708,16609.0
15	0.6275209709084419,0.48346499560833595,5603.0
17	0.7018229166666666,0.4574576595797252,2304.0
19	0.7228915662650602,0.44757049689172795,1162.0
21	0.7753164556962026,0.4173737524364475,632.0
23	0.8641025641025641,0.3426796212410919,390.0
25	0.8809523809523809,0.32384453592227247,294.0
27	0.8894230769230769,0.31360750494808526,208.0
29	0.8733333333333333,0.33259919155377127,150.0
31	0.8938053097345132,0.3080866404518444,113.0
33	0.8645833333333334,0.3421680772011842,96.0
35	0.8904109589041096,0.31237682879428436,73.0
37	0.8823529411764706,0.32218973970892123,51.0
39	0.95,0.21794494717703367,40.0
41	0.8333333333333334,0.37267799624996495,36.0
43	0.8846153846153846,0.31948553318915673,26.0
45	0.9090909090909091,0.28747978728803447,22.0
47	0.8823529411764706,0.32218973970892123,17.0
49	1.0,0.0,14.0
51	1.0,0.0,13.0
53	1.0,0.0,11.0
55	0.7777777777777778,0.41573970964154905,9.0
57	1.0,0.0,7.0
59	0.7142857142857143,0.45175395145262565,7.0
61	0.8,0.4,5.0
63	1.0,0.0,4.0
65	1.0,0.0,4.0
67	0.6666666666666666,0.4714045207910317,3.0
69	1.0,0.0,2.0
71	1.0,0.0,1.0
73	1.0,0.0,1.0
75	1.0,0.0,1.0
77	1.0,0.0,1.0
79	1.0,0.0,1.0
81	1.0,0.0,1.0
83	1.0,0.0,1.0
85	1.0,0.0,1.0
87	1.0,0.0,1.0
89	1.0,0.0,1.0
91	1.0,0.0,1.0
93	1.0,0.0,1.0
